0.02	0.02244	0.025179	0.028251	0.031698	0.035566	0.039905	0.044774	0.050238	0.056368	0.063246	0.070963	0.079621	0.089337	0.100237	0.112468	0.126191	0.141589	0.158866	0.17825	0.2	0.224404	0.251785	0.282508	0.316979	0.355656	0.399052	0.447744	0.502377	0.563677	0.632456	0.709627	0.796214	0.893367	1.002374	1.124683	1.261915	1.415892	1.588656	1.782502	2	2.244037	2.517851	2.825075	3.169786	3.556559	3.990525	4.477442	5.023773	5.636766	6.324555	7.096268	7.962143	8.933672	10.023745	11.246826	12.619147	14.158916	15.886565	17.825019	20	22.440369	25.178508	28.250751	31.697864	35.565588	39.905246	44.774423	50.237729	56.367659	63.245553	70.962678	79.621434	89.336718	100.237447	112.468265	126.191469	141.589157	158.865647	178.250188	200	224.403691	251.785082	282.507509	316.978638	355.655882	399.052463	447.744228	502.377286	563.676586	632.455532	709.626778	796.214341	893.367184	1002.374467	1124.68265	1261.914689	1415.891569	1588.656469	1782.501876	2000
0	0	0	0	0	0	0	0	0	0	0	0	0	0	0	0	0	0	0	0	0	0	0	0.01	0.07	0.08	0.09	0.1	0.11	0.11	0.11	0.1	0.1	0.1	0.09	0.1	0.1	0.12	0.14	0.16	0.18	0.21	0.23	0.25	0.26	0.28	0.29	0.3	0.31	0.32	0.34	0.36	0.39	0.42	0.45	0.49	0.52	0.54	0.54	0.52	0.49	0.45	0.42	0.42	0.5	0.68	1.01	1.51	2.19	3.03	4.01	5.04	6.05	6.93	7.57	7.91	7.88	7.47	6.75	5.76	4.65	3.5	2.44	1.55	0.85	0.39	0.11	0	0	0.04	0.13	0.18	0.22	0.22	0.21	0.18	0.15	0.11	0.07	0.04	0
0	0	0	0	0	0	0	0	0	0	0	0	0	0	0	0	0	0	0	0	0	0	0.02	0.07	0.09	0.11	0.13	0.14	0.15	0.15	0.15	0.15	0.15	0.15	0.15	0.15	0.17	0.19	0.21	0.24	0.28	0.3	0.33	0.34	0.35	0.36	0.36	0.35	0.35	0.35	0.35	0.36	0.37	0.4	0.42	0.45	0.48	0.5	0.49	0.47	0.42	0.36	0.31	0.29	0.36	0.54	0.89	1.43	2.2	3.16	4.28	5.47	6.62	7.6	8.3	8.63	8.51	7.95	7.02	5.81	4.45	3.13	1.71	0.32	0	0	0	0	0	0	0	0	0	0	0	0	0	0	0	0	0
0	0	0	0	0	0	0	0	0	0	0	0	0	0	0	0	0	0	0	0	0	0	0.02	0.06	0.08	0.1	0.12	0.13	0.14	0.14	0.14	0.14	0.13	0.13	0.13	0.13	0.14	0.16	0.18	0.2	0.23	0.25	0.27	0.29	0.3	0.31	0.31	0.32	0.32	0.33	0.35	0.37	0.4	0.43	0.47	0.5	0.51	0.51	0.47	0.41	0.33	0.25	0.21	0.24	0.4	0.73	1.28	2.04	3.04	4.18	5.43	6.63	7.68	8.43	8.8	8.71	8.18	7.24	6.03	4.66	3.31	1.97	0.62	0	0	0	0	0	0	0	0	0	0	0	0	0	0	0	0	0	0
0	0	0	0	0	0	0	0	0	0	0	0	0	0	0	0	0	0	0	0	0	0	0.04	0.09	0.13	0.16	0.19	0.22	0.24	0.25	0.26	0.27	0.27	0.27	0.28	0.29	0.31	0.35	0.39	0.43	0.48	0.53	0.57	0.62	0.66	0.71	0.76	0.82	0.88	0.94	1.01	1.07	1.14	1.2	1.27	1.34	1.42	1.5	1.59	1.7	1.83	2	2.21	2.46	2.78	3.15	3.58	4.03	4.49	4.91	5.25	5.47	5.52	5.38	5.05	4.53	3.88	3.14	2.39	1.67	1.15	0.39	0.06	0	0	0	0	0	0	0	0	0	0	0	0	0	0	0	0	0	0
0	0	0	0	0	0	0	0	0	0	0	0	0	0	0	0	0	0	0	0	0	0	0.04	0.09	0.13	0.16	0.19	0.21	0.23	0.24	0.25	0.25	0.25	0.25	0.25	0.26	0.28	0.3	0.34	0.37	0.41	0.45	0.48	0.52	0.56	0.61	0.66	0.72	0.79	0.85	0.93	0.99	1.06	1.12	1.17	1.22	1.26	1.3	1.36	1.44	1.56	1.75	2	2.34	2.77	3.28	3.86	4.46	5.05	5.56	5.94	6.13	6.1	5.84	5.36	4.69	3.9	3.07	2.27	1.46	0.57	0.05	0	0	0	0	0	0	0	0	0	0	0	0	0	0	0	0	0	0	0
0	0	0	0	0	0	0	0	0	0	0	0	0	0	0	0	0	0	0	0	0	0	0.02	0.07	0.09	0.11	0.13	0.14	0.15	0.16	0.16	0.16	0.15	0.15	0.15	0.15	0.17	0.19	0.21	0.24	0.27	0.3	0.32	0.34	0.36	0.37	0.38	0.4	0.42	0.45	0.48	0.53	0.58	0.63	0.68	0.72	0.73	0.71	0.65	0.57	0.48	0.4	0.39	0.5	0.76	1.22	1.92	2.82	3.91	5.07	6.23	7.23	7.96	8.31	8.24	7.72	6.86	5.72	4.47	3.23	2.11	1.24	0.54	0.15	0.02	0	0	0	0	0	0	0	0	0	0	0	0	0	0	0	0
0	0	0	0	0	0	0	0	0	0	0	0	0	0	0	0	0	0	0	0	0	0	0.03	0.07	0.1	0.12	0.15	0.17	0.18	0.19	0.2	0.2	0.2	0.2	0.2	0.22	0.24	0.26	0.3	0.34	0.39	0.43	0.47	0.51	0.55	0.59	0.63	0.67	0.71	0.76	0.81	0.87	0.94	1.02	1.11	1.2	1.29	1.38	1.45	1.5	1.54	1.56	1.59	1.66	1.78	2	2.33	2.8	3.4	4.08	4.81	5.49	6.05	6.4	6.48	6.24	5.73	4.96	4.04	3.06	2.1	1.06	0.2	0	0	0	0	0	0	0	0	0	0	0	0	0	0	0	0	0	0
0	0	0	0	0	0	0	0	0	0	0	0	0	0	0	0	0	0	0	0	0	0	0.04	0.1	0.14	0.17	0.2	0.23	0.25	0.26	0.27	0.28	0.28	0.28	0.29	0.31	0.33	0.37	0.42	0.48	0.54	0.6	0.66	0.72	0.78	0.84	0.9	0.97	1.03	1.1	1.16	1.23	1.29	1.37	1.44	1.53	1.61	1.71	1.8	1.9	2.01	2.12	2.25	2.41	2.61	2.85	3.14	3.48	3.87	4.26	4.63	4.94	5.12	5.14	4.98	4.61	4.08	3.41	2.68	1.93	1.31	0.31	0	0	0	0	0	0	0	0	0	0	0	0	0	0	0	0	0	0	0
0	0	0	0	0	0	0	0	0	0	0	0	0	0	0	0	0	0	0	0	0	0	0.04	0.1	0.15	0.19	0.22	0.25	0.28	0.29	0.3	0.31	0.32	0.32	0.33	0.35	0.37	0.41	0.45	0.5	0.55	0.6	0.65	0.7	0.76	0.82	0.88	0.95	1.03	1.1	1.17	1.23	1.3	1.37	1.45	1.54	1.66	1.82	2.01	2.26	2.55	2.89	3.26	3.66	4.06	4.43	4.75	4.99	5.13	5.14	5.03	4.78	4.42	3.94	3.39	2.79	2.19	1.6	1.11	0.71	0.15	0.02	0	0	0	0	0	0	0	0	0	0	0	0	0	0	0	0	0	0	0
0	0	0	0	0	0	0	0	0	0	0	0	0	0	0	0	0	0	0	0	0	0	0.04	0.11	0.16	0.2	0.23	0.27	0.29	0.31	0.32	0.33	0.33	0.33	0.34	0.35	0.37	0.4	0.44	0.49	0.54	0.59	0.63	0.68	0.74	0.8	0.86	0.93	1	1.07	1.14	1.21	1.27	1.34	1.42	1.51	1.62	1.76	1.93	2.15	2.42	2.73	3.09	3.48	3.88	4.28	4.64	4.94	5.15	5.23	5.18	4.99	4.66	4.19	3.63	2.99	2.35	1.7	1.17	0.74	0.06	0	0	0	0	0	0	0	0	0	0	0	0	0	0	0	0	0	0	0	0
0	0	0	0	0	0	0	0	0	0	0	0	0	0	0	0	0	0	0	0	0	0	0.04	0.11	0.15	0.19	0.23	0.26	0.29	0.31	0.32	0.33	0.33	0.34	0.35	0.36	0.39	0.42	0.47	0.52	0.57	0.62	0.67	0.73	0.79	0.86	0.93	1	1.08	1.15	1.23	1.29	1.36	1.43	1.51	1.61	1.75	1.93	2.15	2.44	2.77	3.16	3.58	4	4.4	4.75	5.01	5.17	5.2	5.09	4.85	4.49	4.02	3.48	2.9	2.3	1.75	1.22	0.8	0.48	0.04	0	0	0	0	0	0	0	0	0	0	0	0	0	0	0	0	0	0	0	0
0	0	0	0	0	0	0	0	0	0	0	0	0	0	0	0	0	0	0	0	0	0.04	0.09	0.17	0.23	0.29	0.35	0.4	0.44	0.47	0.49	0.5	0.51	0.52	0.54	0.56	0.61	0.67	0.75	0.84	0.94	1.04	1.14	1.24	1.34	1.46	1.58	1.7	1.82	1.94	2.05	2.15	2.25	2.35	2.45	2.57	2.71	2.86	3.04	3.24	3.44	3.65	3.84	4	4.1	4.13	4.08	3.94	3.72	3.43	3.07	2.67	2.24	1.81	1.4	1	0.72	0.31	0.1	0	0	0	0	0	0	0	0	0	0	0	0	0	0	0	0	0	0	0	0	0	0
0	0	0	0	0	0	0	0	0	0	0	0	0	0	0	0	0	0	0	0	0	0	0.04	0.11	0.16	0.2	0.23	0.27	0.29	0.31	0.32	0.33	0.33	0.34	0.35	0.37	0.4	0.45	0.51	0.57	0.65	0.72	0.79	0.85	0.92	0.99	1.06	1.14	1.21	1.28	1.35	1.43	1.5	1.58	1.68	1.78	1.89	2.01	2.13	2.26	2.39	2.53	2.66	2.79	2.94	3.1	3.29	3.5	3.73	3.97	4.18	4.33	4.4	4.33	4.12	3.76	3.28	2.71	2.11	1.51	1.07	0.41	0.11	0	0	0	0	0	0	0	0	0	0	0	0	0	0	0	0	0	0
0	0	0	0	0	0	0	0	0	0	0	0	0	0	0	0	0	0	0	0	0	0.04	0.09	0.18	0.24	0.3	0.36	0.41	0.44	0.47	0.49	0.5	0.52	0.53	0.56	0.6	0.66	0.74	0.85	0.97	1.09	1.21	1.33	1.45	1.55	1.65	1.75	1.84	1.92	1.99	2.05	2.1	2.15	2.2	2.25	2.32	2.39	2.47	2.55	2.61	2.67	2.7	2.7	2.68	2.64	2.6	2.57	2.55	2.57	2.62	2.7	2.79	2.85	2.87	2.81	2.66	2.42	2.1	1.73	1.33	0.94	0.54	0.16	0	0	0	0	0	0	0	0	0	0	0	0	0	0	0	0	0	0
0	0	0	0	0	0	0	0	0	0	0	0	0	0	0	0	0	0	0	0	0	0	0.04	0.11	0.16	0.2	0.24	0.27	0.3	0.32	0.33	0.34	0.35	0.36	0.37	0.39	0.42	0.47	0.52	0.59	0.65	0.72	0.78	0.85	0.92	1	1.09	1.17	1.26	1.34	1.42	1.5	1.56	1.63	1.7	1.77	1.87	2	2.17	2.39	2.66	2.98	3.35	3.74	4.13	4.5	4.81	5.03	5.14	5.1	4.91	4.58	4.11	3.53	2.89	2.22	1.57	0.88	0.25	0	0	0	0	0	0	0	0	0	0	0	0	0	0	0	0	0	0	0	0	0	0
0	0	0	0	0	0	0	0	0	0	0	0	0	0	0	0	0	0	0	0	0	0	0.06	0.15	0.22	0.27	0.32	0.37	0.4	0.43	0.45	0.47	0.48	0.49	0.52	0.55	0.6	0.67	0.76	0.86	0.97	1.08	1.2	1.32	1.44	1.58	1.73	1.88	2.04	2.19	2.35	2.49	2.64	2.79	2.94	3.1	3.27	3.44	3.62	3.79	3.94	4.06	4.13	4.14	4.08	3.95	3.74	3.46	3.12	2.74	2.34	1.93	1.54	1.16	0.84	0.58	0.23	0.07	0	0	0	0	0	0	0	0	0	0	0	0	0	0	0	0	0	0	0	0	0	0	0
0	0	0	0	0	0	0	0	0	0	0	0	0	0	0	0	0	0	0	0	0	0	0.04	0.1	0.14	0.17	0.2	0.23	0.24	0.25	0.26	0.25	0.25	0.24	0.24	0.25	0.26	0.28	0.31	0.35	0.38	0.42	0.45	0.47	0.5	0.52	0.55	0.58	0.62	0.67	0.72	0.78	0.84	0.9	0.96	1	1.01	1	0.97	0.92	0.88	0.88	0.94	1.11	1.43	1.92	2.6	3.42	4.36	5.31	6.21	6.92	7.37	7.46	7.19	6.56	5.66	4.55	3.4	2.26	1.06	0.16	0	0	0	0	0	0	0	0	0	0	0	0	0	0	0	0	0	0	0
0	0	0	0	0	0	0	0	0	0	0	0	0	0	0	0	0	0	0	0	0	0	0.04	0.11	0.16	0.2	0.23	0.27	0.29	0.31	0.32	0.32	0.32	0.32	0.32	0.34	0.36	0.39	0.43	0.48	0.53	0.58	0.63	0.68	0.73	0.8	0.86	0.94	1.02	1.1	1.18	1.26	1.34	1.41	1.49	1.56	1.65	1.75	1.86	2.01	2.19	2.43	2.71	3.04	3.41	3.81	4.23	4.62	4.96	5.21	5.33	5.3	5.08	4.7	4.16	3.49	2.78	2.04	1.31	0.58	0.04	0	0	0	0	0	0	0	0	0	0	0	0	0	0	0	0	0	0	0	0
0	0	0	0	0	0	0	0	0	0	0	0	0	0	0	0	0	0	0	0	0	0	0.05	0.12	0.18	0.22	0.26	0.29	0.32	0.34	0.35	0.35	0.36	0.36	0.36	0.37	0.4	0.43	0.47	0.53	0.58	0.64	0.7	0.75	0.82	0.89	0.96	1.04	1.12	1.2	1.27	1.34	1.4	1.47	1.53	1.61	1.7	1.81	1.96	2.14	2.37	2.65	2.97	3.32	3.69	4.06	4.41	4.71	4.92	5.03	5.02	4.86	4.56	4.13	3.6	2.98	2.35	1.7	1.18	0.75	0.06	0	0	0	0	0	0	0	0	0	0	0	0	0	0	0	0	0	0	0	0
0	0	0	0	0	0	0	0	0	0	0	0	0	0	0	0	0	0	0	0	0	0.04	0.09	0.17	0.23	0.3	0.35	0.4	0.44	0.47	0.48	0.49	0.5	0.5	0.51	0.54	0.57	0.63	0.7	0.78	0.86	0.95	1.03	1.12	1.21	1.3	1.4	1.49	1.59	1.68	1.76	1.83	1.9	1.97	2.04	2.14	2.26	2.41	2.61	2.85	3.12	3.42	3.72	4.01	4.25	4.43	4.52	4.5	4.37	4.13	3.79	3.37	2.9	2.39	1.87	1.37	0.98	0.26	0	0	0	0	0	0	0	0	0	0	0	0	0	0	0	0	0	0	0	0	0	0	0
0	0	0	0	0	0	0	0	0	0	0	0	0	0	0	0	0	0	0	0	0	0	0.04	0.1	0.14	0.18	0.22	0.25	0.27	0.29	0.3	0.31	0.31	0.32	0.33	0.34	0.36	0.4	0.44	0.49	0.55	0.61	0.67	0.73	0.8	0.86	0.93	1	1.08	1.17	1.27	1.41	1.59	1.83	2.14	2.53	3	3.53	4.09	4.66	5.19	5.63	5.93	6.06	6	5.75	5.33	4.77	4.1	3.41	2.71	2.06	1.49	1	0.63	0.37	0.04	0	0	0	0	0	0	0	0	0	0	0	0	0	0	0	0	0	0	0	0	0	0	0	0
0	0	0	0	0	0	0	0	0	0	0	0	0	0	0	0	0	0	0	0	0	0	0.04	0.11	0.15	0.2	0.23	0.27	0.29	0.31	0.32	0.33	0.34	0.35	0.36	0.38	0.41	0.45	0.5	0.56	0.62	0.69	0.76	0.83	0.91	1.01	1.12	1.25	1.39	1.55	1.73	1.93	2.17	2.42	2.71	3.03	3.37	3.71	4.05	4.38	4.65	4.86	4.98	5.01	4.93	4.74	4.46	4.1	3.67	3.21	2.73	2.25	1.79	1.36	0.98	0.66	0.33	0.06	0	0	0	0	0	0	0	0	0	0	0	0	0	0	0	0	0	0	0	0	0	0	0
0	0	0	0	0	0	0	0	0	0	0	0	0	0	0	0	0	0	0	0	0	0	0.04	0.09	0.13	0.16	0.19	0.22	0.24	0.25	0.26	0.26	0.27	0.27	0.28	0.3	0.32	0.36	0.4	0.45	0.51	0.56	0.6	0.65	0.7	0.75	0.8	0.86	0.93	0.99	1.05	1.1	1.15	1.19	1.23	1.26	1.3	1.36	1.45	1.58	1.77	2.05	2.41	2.87	3.4	3.99	4.6	5.17	5.67	6.01	6.16	6.09	5.78	5.25	4.54	3.71	2.82	2.03	1.04	0.14	0.01	0	0	0	0	0	0	0	0	0	0	0	0	0	0	0	0	0	0	0	0
0	0	0	0	0	0	0	0	0	0	0	0	0	0	0	0	0	0	0	0	0	0	0.04	0.1	0.14	0.18	0.21	0.24	0.26	0.28	0.29	0.3	0.3	0.3	0.31	0.33	0.35	0.39	0.43	0.48	0.53	0.58	0.64	0.69	0.74	0.8	0.86	0.93	1	1.07	1.14	1.2	1.26	1.32	1.37	1.43	1.51	1.61	1.75	1.94	2.18	2.5	2.88	3.33	3.82	4.32	4.81	5.23	5.55	5.71	5.7	5.49	5.1	4.53	3.84	3.07	2.28	1.61	0.73	0	0	0	0	0	0	0	0	0	0	0	0	0	0	0	0	0	0	0	0	0	0
0	0	0	0	0	0	0	0	0	0	0	0	0	0	0	0	0	0	0	0	0	0	0.02	0.06	0.07	0.09	0.11	0.12	0.13	0.13	0.13	0.13	0.12	0.12	0.12	0.12	0.13	0.15	0.17	0.2	0.23	0.26	0.28	0.3	0.31	0.32	0.32	0.33	0.33	0.33	0.35	0.37	0.41	0.46	0.52	0.58	0.62	0.64	0.62	0.56	0.45	0.32	0.2	0.13	0.17	0.4	0.86	1.58	2.59	3.81	5.2	6.58	7.81	8.74	9.22	9.19	8.63	7.61	6.26	4.73	3.26	1.65	0.33	0	0	0	0	0	0	0	0	0	0	0	0	0	0	0	0	0	0
0	0	0	0	0	0	0	0	0	0	0	0	0	0	0	0	0	0	0	0	0	0	0.02	0.07	0.09	0.12	0.14	0.15	0.16	0.17	0.17	0.17	0.16	0.16	0.16	0.17	0.18	0.2	0.23	0.27	0.31	0.34	0.37	0.4	0.42	0.43	0.44	0.44	0.45	0.46	0.47	0.5	0.54	0.59	0.65	0.71	0.76	0.78	0.77	0.71	0.62	0.49	0.36	0.27	0.29	0.46	0.86	1.51	2.44	3.57	4.88	6.2	7.39	8.3	8.79	8.79	8.29	7.33	6.05	4.59	3.18	1.66	0.36	0	0	0	0	0	0	0	0	0	0	0	0	0	0	0	0	0	0
0	0	0	0	0	0	0	0	0	0	0	0	0	0	0	0	0	0	0	0	0	0	0.05	0.13	0.19	0.24	0.28	0.31	0.34	0.36	0.37	0.37	0.37	0.37	0.38	0.39	0.42	0.46	0.52	0.59	0.66	0.73	0.8	0.86	0.92	0.98	1.04	1.1	1.16	1.22	1.29	1.35	1.43	1.5	1.59	1.67	1.75	1.82	1.85	1.86	1.83	1.77	1.69	1.62	1.58	1.62	1.77	2.07	2.51	3.08	3.75	4.42	5.03	5.46	5.65	5.55	5.16	4.5	3.67	2.74	1.86	0.85	0.1	0	0	0	0	0	0	0	0	0	0	0	0	0	0	0	0	0	0
0	0	0	0	0	0	0	0	0	0	0	0	0	0	0	0	0	0	0	0	0	0.04	0.09	0.17	0.23	0.29	0.34	0.38	0.42	0.44	0.46	0.46	0.46	0.46	0.47	0.49	0.52	0.57	0.63	0.7	0.78	0.86	0.94	1.02	1.11	1.21	1.32	1.43	1.55	1.66	1.78	1.89	1.99	2.1	2.21	2.32	2.43	2.56	2.69	2.84	2.99	3.14	3.29	3.43	3.55	3.65	3.71	3.74	3.72	3.65	3.52	3.34	3.09	2.78	2.42	2.03	1.63	1.24	0.9	0.61	0.39	0.24	0.15	0.1	0.08	0.07	0.07	0.07	0.06	0.02	0	0	0	0	0	0	0	0	0	0	0
0	0	0	0	0	0	0	0	0	0	0	0	0	0	0	0	0	0	0	0	0	0.05	0.1	0.2	0.26	0.33	0.39	0.45	0.49	0.52	0.53	0.54	0.55	0.55	0.56	0.59	0.63	0.68	0.76	0.85	0.94	1.04	1.14	1.24	1.34	1.46	1.58	1.71	1.83	1.95	2.07	2.18	2.29	2.39	2.5	2.62	2.75	2.89	3.04	3.21	3.37	3.54	3.68	3.79	3.85	3.87	3.82	3.72	3.55	3.32	3.04	2.72	2.36	1.98	1.6	1.22	0.85	0.45	0.11	0	0	0	0	0	0	0	0	0	0	0	0	0	0	0	0	0	0	0	0	0	0
0	0	0	0	0	0	0	0	0	0	0	0	0	0	0	0	0	0	0	0	0	0	0.04	0.1	0.14	0.18	0.21	0.24	0.26	0.28	0.29	0.3	0.3	0.31	0.32	0.33	0.36	0.4	0.44	0.5	0.55	0.61	0.67	0.73	0.79	0.86	0.93	1	1.08	1.16	1.24	1.31	1.38	1.46	1.54	1.63	1.75	1.89	2.07	2.29	2.55	2.85	3.19	3.55	3.93	4.29	4.62	4.88	5.06	5.12	5.05	4.84	4.49	4.01	3.44	2.81	2.17	1.54	1.02	0.61	0.05	0	0	0	0	0	0	0	0	0	0	0	0	0	0	0	0	0	0	0	0
0	0	0	0	0	0	0	0	0	0	0	0	0	0	0	0	0	0	0	0	0	0.04	0.08	0.16	0.22	0.28	0.33	0.37	0.41	0.43	0.45	0.46	0.46	0.47	0.48	0.5	0.53	0.59	0.65	0.73	0.81	0.9	0.98	1.06	1.15	1.24	1.34	1.44	1.55	1.65	1.75	1.85	1.95	2.04	2.14	2.25	2.37	2.5	2.65	2.83	3.01	3.22	3.42	3.62	3.81	3.96	4.07	4.12	4.1	4	3.82	3.56	3.22	2.82	2.37	1.89	1.41	1.01	0.47	0	0	0	0	0	0	0	0	0	0	0	0	0	0	0	0	0	0	0	0	0	0
0	0	0	0	0	0	0	0	0	0	0	0	0	0	0	0	0	0	0	0	0	0	0.04	0.1	0.15	0.19	0.22	0.26	0.28	0.3	0.31	0.32	0.33	0.34	0.35	0.37	0.4	0.44	0.49	0.55	0.62	0.68	0.74	0.81	0.88	0.96	1.04	1.13	1.22	1.31	1.39	1.47	1.55	1.63	1.72	1.82	1.96	2.13	2.35	2.61	2.92	3.27	3.63	4.01	4.36	4.65	4.88	5	5.01	4.89	4.65	4.29	3.83	3.29	2.72	2.14	1.57	1.03	0.42	0	0	0	0	0	0	0	0	0	0	0	0	0	0	0	0	0	0	0	0	0	0
0	0	0	0	0	0	0	0	0	0	0	0	0	0	0	0	0	0	0	0	0	0	0.04	0.11	0.16	0.21	0.24	0.28	0.3	0.33	0.34	0.35	0.36	0.36	0.38	0.4	0.43	0.47	0.53	0.59	0.65	0.72	0.78	0.85	0.91	0.99	1.07	1.15	1.23	1.31	1.39	1.46	1.53	1.61	1.71	1.83	1.99	2.19	2.45	2.77	3.13	3.54	3.95	4.36	4.72	5	5.18	5.23	5.14	4.9	4.53	4.06	3.49	2.89	2.27	1.66	1.18	0.32	0	0	0	0	0	0	0	0	0	0	0	0	0	0	0	0	0	0	0	0	0	0	0
0	0	0	0	0	0	0	0	0	0	0	0	0	0	0	0	0	0	0	0	0	0	0.05	0.12	0.17	0.22	0.25	0.29	0.32	0.34	0.35	0.36	0.36	0.36	0.37	0.39	0.41	0.45	0.5	0.55	0.61	0.67	0.72	0.79	0.85	0.93	1.01	1.1	1.19	1.27	1.36	1.45	1.54	1.63	1.74	1.86	2.02	2.22	2.47	2.76	3.1	3.48	3.86	4.25	4.6	4.88	5.07	5.15	5.09	4.9	4.58	4.15	3.63	3.04	2.43	1.83	1.26	0.59	0.08	0	0	0	0	0	0	0	0	0	0	0	0	0	0	0	0	0	0	0	0	0	0
0	0	0	0	0	0	0	0	0	0	0	0	0	0	0	0	0	0	0	0	0	0	0.05	0.11	0.16	0.21	0.24	0.28	0.3	0.32	0.33	0.34	0.34	0.35	0.35	0.37	0.39	0.43	0.47	0.53	0.58	0.64	0.69	0.76	0.83	0.9	0.99	1.08	1.18	1.27	1.36	1.45	1.52	1.6	1.68	1.77	1.89	2.05	2.25	2.52	2.85	3.23	3.66	4.11	4.55	4.93	5.24	5.41	5.43	5.29	4.97	4.51	3.92	3.26	2.56	1.85	1.29	0.34	0	0	0	0	0	0	0	0	0	0	0	0	0	0	0	0	0	0	0	0	0	0	0
0	0	0	0	0	0	0	0	0	0	0	0	0	0	0	0	0	0	0	0	0	0	0.04	0.11	0.15	0.19	0.22	0.25	0.27	0.29	0.3	0.3	0.3	0.31	0.31	0.33	0.35	0.39	0.44	0.49	0.55	0.6	0.65	0.7	0.75	0.81	0.87	0.94	1.01	1.08	1.15	1.22	1.28	1.33	1.38	1.43	1.48	1.55	1.64	1.77	1.95	2.21	2.53	2.93	3.38	3.88	4.4	4.87	5.28	5.55	5.67	5.6	5.33	4.87	4.26	3.54	2.78	2.01	1.24	0.45	0.02	0	0	0	0	0	0	0	0	0	0	0	0	0	0	0	0	0	0	0	0
0	0	0	0	0	0	0	0	0	0	0	0	0	0	0	0	0	0	0	0	0	0	0.06	0.14	0.2	0.25	0.3	0.34	0.37	0.39	0.41	0.41	0.42	0.43	0.44	0.46	0.5	0.55	0.62	0.69	0.77	0.85	0.92	1	1.08	1.17	1.27	1.37	1.47	1.57	1.68	1.78	1.89	2.01	2.13	2.27	2.43	2.6	2.8	3.01	3.23	3.46	3.68	3.87	4.04	4.15	4.21	4.2	4.12	3.96	3.72	3.41	3.05	2.63	2.2	1.75	1.33	0.93	0.62	0.38	0.03	0	0	0	0	0	0	0	0	0	0	0	0	0	0	0	0	0	0	0	0
0	0	0	0	0	0	0	0	0	0	0	0	0	0	0	0	0	0	0	0	0	0	0.03	0.08	0.11	0.14	0.16	0.18	0.19	0.2	0.2	0.2	0.2	0.2	0.2	0.2	0.22	0.25	0.28	0.32	0.36	0.4	0.43	0.46	0.49	0.51	0.53	0.54	0.56	0.59	0.61	0.65	0.69	0.73	0.77	0.8	0.81	0.79	0.74	0.66	0.57	0.47	0.42	0.46	0.62	0.97	1.52	2.28	3.26	4.35	5.5	6.57	7.45	8.01	8.18	7.92	7.26	6.26	5.05	3.75	2.51	1.06	0.05	0	0	0	0	0	0	0	0	0	0	0	0	0	0	0	0	0	0
0	0	0	0	0	0	0	0	0	0	0	0	0	0	0	0	0	0	0	0	0	0	0.02	0.06	0.08	0.1	0.12	0.13	0.14	0.14	0.14	0.14	0.13	0.13	0.13	0.13	0.14	0.16	0.19	0.22	0.25	0.28	0.31	0.33	0.35	0.36	0.37	0.38	0.4	0.41	0.44	0.47	0.51	0.55	0.6	0.63	0.65	0.64	0.59	0.5	0.38	0.25	0.14	0.11	0.2	0.48	0.98	1.72	2.72	3.89	5.18	6.43	7.53	8.34	8.75	8.7	8.2	7.3	6.13	4.8	3.46	2.21	0.79	0	0	0	0	0	0	0	0	0	0	0	0	0	0	0	0	0	0
0	0	0	0	0	0	0	0	0	0	0	0	0	0	0	0	0	0	0	0	0	0	0.02	0.07	0.09	0.12	0.14	0.16	0.17	0.18	0.18	0.18	0.18	0.18	0.18	0.19	0.21	0.23	0.27	0.31	0.36	0.4	0.44	0.47	0.51	0.54	0.56	0.59	0.62	0.65	0.69	0.73	0.78	0.84	0.9	0.95	0.99	1	0.98	0.93	0.84	0.74	0.64	0.59	0.63	0.81	1.17	1.72	2.49	3.42	4.46	5.5	6.43	7.14	7.53	7.54	7.17	6.44	5.48	4.37	3.25	2.23	1.36	0.72	0.29	0.04	0	0	0	0	0	0	0	0	0	0	0	0	0	0	0
0	0	0	0	0	0	0	0	0	0	0	0	0	0	0	0	0	0	0	0	0	0	0.02	0.07	0.09	0.11	0.13	0.14	0.15	0.16	0.16	0.16	0.16	0.15	0.16	0.16	0.17	0.19	0.22	0.25	0.29	0.32	0.35	0.37	0.4	0.42	0.45	0.47	0.5	0.53	0.56	0.58	0.61	0.63	0.65	0.66	0.65	0.64	0.61	0.57	0.53	0.51	0.52	0.59	0.72	0.94	1.24	1.63	2.09	2.57	3.06	3.5	3.85	4.08	4.2	4.21	4.14	4.04	3.96	3.93	3.97	4.05	4.14	4.18	4.11	3.91	3.54	3.04	2.43	1.78	1.15	0.49	0.01	0	0	0	0	0	0	0	0
0	0	0	0	0	0	0	0	0	0	0	0	0	0	0	0	0	0	0	0	0	0	0.03	0.08	0.11	0.13	0.15	0.17	0.19	0.19	0.2	0.2	0.2	0.2	0.2	0.21	0.23	0.26	0.29	0.33	0.38	0.42	0.47	0.51	0.55	0.59	0.64	0.68	0.73	0.78	0.83	0.87	0.92	0.97	1.01	1.04	1.07	1.09	1.1	1.1	1.09	1.08	1.07	1.09	1.14	1.24	1.4	1.63	1.92	2.26	2.63	3	3.33	3.6	3.78	3.86	3.87	3.81	3.72	3.63	3.56	3.5	3.46	3.41	3.32	3.15	2.9	2.55	2.13	1.65	1.21	0.71	0.15	0.03	0	0	0	0	0	0	0
0	0	0	0	0	0	0	0	0	0	0	0	0	0	0	0	0	0	0	0	0	0	0.03	0.07	0.1	0.12	0.13	0.15	0.15	0.16	0.16	0.15	0.14	0.14	0.13	0.14	0.14	0.16	0.18	0.21	0.24	0.26	0.28	0.29	0.3	0.3	0.29	0.28	0.27	0.27	0.27	0.27	0.29	0.32	0.36	0.4	0.42	0.43	0.4	0.34	0.23	0.09	0	0	0	0	0.09	0.5	1.26	2.34	3.77	5.4	7.05	8.52	9.58	10.07	9.9	9.1	7.81	6.21	4.55	3	1.51	0.27	0	0	0	0	0	0	0	0	0	0	0	0	0	0	0	0	0
0	0	0	0	0	0	0	0	0	0	0	0	0	0	0	0	0	0	0	0	0	0	0.02	0.07	0.09	0.11	0.12	0.14	0.15	0.15	0.15	0.15	0.14	0.14	0.14	0.14	0.15	0.17	0.2	0.22	0.25	0.28	0.3	0.32	0.34	0.35	0.35	0.35	0.36	0.36	0.36	0.37	0.38	0.4	0.43	0.46	0.48	0.48	0.47	0.42	0.35	0.25	0.15	0.08	0.06	0.15	0.38	0.8	1.42	2.23	3.2	4.26	5.31	6.25	6.98	7.42	7.53	7.31	6.81	6.08	5.23	4.34	3.48	2.73	2.08	1.57	1.16	0.85	0.62	0.43	0.31	0.19	0.01	0	0	0	0	0	0	0	0
0	0	0	0	0	0	0	0	0	0	0	0	0	0	0	0	0	0	0	0	0	0	0	0.01	0.06	0.07	0.08	0.09	0.09	0.09	0.1	0.09	0.09	0.09	0.09	0.1	0.11	0.12	0.14	0.17	0.2	0.22	0.24	0.26	0.28	0.29	0.3	0.3	0.3	0.3	0.29	0.28	0.28	0.28	0.28	0.29	0.3	0.31	0.32	0.32	0.3	0.27	0.21	0.15	0.09	0.06	0.1	0.23	0.49	0.9	1.48	2.22	3.1	4.05	5	5.89	6.61	7.13	7.39	7.36	7.07	6.55	5.84	5.04	4.17	3.34	2.56	1.89	1.33	0.88	0.56	0.32	0.15	0.04	0	0	0	0	0	0	0
0	0	0	0	0	0	0	0	0	0	0	0	0	0	0	0	0	0	0	0	0	0	0	0	0	0	0	0	0	0	0	0	0	0	0	0	0	0	0	0	0	0	0	0	0	0	0	0	0	0	0	0	0	0	0	0	0	0	0	0	0	0	0	0	0	0	0	0	0	0	0	0.19	0.91	2.1	3.68	5.59	7.55	9.36	10.71	11.4	11.31	10.46	8.99	7.16	5.2	3.42	1.69	0.29	0	0	0	0	0	0	0	0	0	0	0	0	0
0	0	0	0	0	0	0	0	0	0	0	0	0	0	0	0	0	0	0	0	0	0	0	0	0	0	0	0	0	0	0	0	0	0	0	0	0	0	0	0	0	0	0	0	0	0	0	0	0	0	0	0	0	0	0	0	0	0	0	0	0	0	0	0	0	0	0	0	0	0	0	0	0.04	0.36	1.08	2.29	3.94	5.98	8.11	10.06	11.46	12.04	11.68	10.45	8.53	6.34	4.2	2.41	0.93	0.09	0	0	0	0	0	0	0	0	0	0	0
0	0	0	0	0	0	0	0	0	0	0	0	0	0	0	0	0	0	0	0	0	0	0	0	0	0	0	0	0	0	0	0	0	0	0	0	0	0	0.06	0.11	0.14	0.17	0.19	0.21	0.23	0.23	0.23	0.22	0.21	0.19	0.17	0.15	0.15	0.15	0.17	0.2	0.24	0.27	0.29	0.28	0.24	0.16	0.05	0	0	0	0	0	0	0.2	0.84	1.95	3.56	5.54	7.61	9.5	10.8	11.31	10.94	9.77	8.06	6.11	4.22	2.64	1.42	0.67	0.18	0	0	0	0	0	0	0	0	0	0	0	0	0	0
0	0	0	0	0	0	0	0	0	0	0	0	0	0	0	0	0	0	0	0	0	0	0	0	0	0.05	0.07	0.08	0.08	0.08	0.07	0.07	0.06	0.06	0.06	0.06	0.07	0.08	0.1	0.12	0.15	0.17	0.19	0.21	0.22	0.22	0.22	0.21	0.2	0.19	0.19	0.2	0.22	0.25	0.29	0.34	0.38	0.4	0.39	0.34	0.23	0.09	0	0	0	0	0	0.1	0.55	1.43	2.81	4.64	6.74	8.81	10.48	11.43	11.45	10.54	8.89	6.81	4.67	2.88	1.19	0.16	0.01	0	0	0	0	0	0	0	0	0	0	0	0	0	0	0	0
0	0	0	0	0	0	0	0	0	0	0	0	0	0	0	0	0	0	0	0	0	0	0.03	0.08	0.12	0.15	0.18	0.2	0.22	0.24	0.25	0.25	0.25	0.26	0.26	0.27	0.29	0.31	0.34	0.38	0.42	0.46	0.51	0.55	0.61	0.67	0.74	0.81	0.88	0.95	1.02	1.07	1.12	1.17	1.22	1.28	1.36	1.49	1.67	1.92	2.24	2.64	3.09	3.59	4.1	4.58	5	5.33	5.53	5.58	5.48	5.23	4.84	4.33	3.74	3.11	2.48	1.87	1.34	0.9	0.54	0.32	0.12	0	0	0	0	0	0	0	0	0	0	0	0	0	0	0	0	0	0
0	0	0	0	0	0	0	0	0	0	0	0	0	0	0	0	0	0	0	0	0	0	0.03	0.09	0.12	0.15	0.18	0.21	0.23	0.24	0.25	0.26	0.26	0.26	0.27	0.28	0.3	0.32	0.36	0.4	0.44	0.48	0.52	0.57	0.62	0.67	0.73	0.79	0.85	0.91	0.97	1.01	1.05	1.1	1.15	1.22	1.32	1.47	1.68	1.97	2.33	2.77	3.27	3.81	4.36	4.87	5.32	5.64	5.82	5.83	5.67	5.33	4.84	4.23	3.55	2.84	2.16	1.54	1.02	0.61	0.33	0.11	0.04	0	0	0	0	0	0	0	0	0	0	0	0	0	0	0	0	0	0
0	0	0	0	0	0	0	0	0	0	0	0	0	0	0	0	0	0	0	0	0	0	0	0	0	0	0	0	0	0	0	0	0	0	0	0	0	0	0	0	0.01	0.08	0.1	0.12	0.13	0.14	0.15	0.15	0.14	0.14	0.13	0.12	0.11	0.1	0.11	0.12	0.14	0.17	0.2	0.23	0.24	0.23	0.19	0.13	0.03	0	0	0	0	0.03	0.31	0.83	1.63	2.71	3.99	5.4	6.75	7.92	8.76	9.19	9.15	8.69	7.87	6.79	5.55	4.35	3.2	2.12	1.19	0.18	0	0	0	0	0	0	0	0	0	0	0
0	0	0	0	0	0	0	0	0	0	0	0	0	0	0	0	0	0	0	0	0	0	0	0	0	0	0	0	0	0	0	0	0	0	0	0	0	0	0	0	0	0	0.08	0.12	0.14	0.15	0.16	0.16	0.16	0.14	0.13	0.11	0.09	0.08	0.07	0.08	0.1	0.14	0.17	0.21	0.23	0.22	0.19	0.12	0.03	0	0	0	0	0	0	0.22	0.83	1.92	3.47	5.41	7.47	9.4	10.81	11.49	11.28	10.26	8.6	6.63	4.61	2.87	1.37	0.28	0	0	0	0	0	0	0	0	0	0	0	0	0
0	0	0	0	0	0	0	0	0	0	0	0	0	0	0	0	0	0	0	0	0	0	0	0.01	0.05	0.06	0.07	0.08	0.08	0.09	0.09	0.09	0.08	0.08	0.08	0.08	0.09	0.1	0.12	0.14	0.16	0.18	0.21	0.23	0.25	0.26	0.27	0.28	0.29	0.3	0.31	0.33	0.36	0.4	0.45	0.51	0.58	0.65	0.71	0.74	0.75	0.72	0.67	0.61	0.58	0.62	0.79	1.13	1.68	2.44	3.42	4.52	5.68	6.76	7.64	8.21	8.39	8.15	7.51	6.55	5.39	4.12	2.96	1.77	0.1	0	0	0	0	0	0	0	0	0	0	0	0	0	0	0	0
0	0	0	0	0	0	0	0	0	0	0	0	0	0	0	0	0	0	0	0	0	0	0.02	0.07	0.09	0.12	0.14	0.15	0.16	0.17	0.18	0.18	0.17	0.17	0.17	0.18	0.2	0.22	0.25	0.29	0.33	0.37	0.41	0.45	0.49	0.53	0.56	0.6	0.64	0.67	0.72	0.76	0.82	0.89	0.97	1.06	1.16	1.25	1.33	1.39	1.41	1.38	1.32	1.24	1.16	1.12	1.17	1.35	1.71	2.25	2.97	3.82	4.74	5.61	6.34	6.82	6.98	6.79	6.27	5.46	4.48	3.4	2.4	1.39	0.08	0	0	0	0	0	0	0	0	0	0	0	0	0	0	0	0
0	0	0	0	0	0	0	0	0	0	0	0	0	0	0	0	0	0	0	0	0	0	0.04	0.09	0.13	0.17	0.19	0.22	0.24	0.25	0.26	0.26	0.26	0.26	0.26	0.27	0.29	0.32	0.37	0.41	0.47	0.52	0.58	0.63	0.69	0.74	0.8	0.85	0.9	0.96	1.01	1.06	1.13	1.2	1.29	1.39	1.5	1.62	1.74	1.85	1.94	2.01	2.05	2.07	2.09	2.13	2.21	2.37	2.64	3	3.47	3.99	4.51	4.97	5.28	5.4	5.28	4.92	4.35	3.63	2.83	2.03	1.2	0.39	0.01	0	0	0	0	0	0	0	0	0	0	0	0	0	0	0	0
0	0	0	0	0	0	0	0	0	0	0	0	0	0	0	0	0	0	0	0	0	0	0.06	0.14	0.2	0.25	0.29	0.33	0.36	0.38	0.4	0.4	0.41	0.41	0.43	0.45	0.49	0.54	0.61	0.68	0.77	0.85	0.92	0.99	1.06	1.13	1.2	1.27	1.33	1.39	1.44	1.5	1.55	1.61	1.69	1.76	1.85	1.94	2.03	2.11	2.17	2.2	2.21	2.2	2.17	2.16	2.17	2.23	2.37	2.58	2.87	3.21	3.56	3.87	4.1	4.2	4.13	3.89	3.5	2.98	2.39	1.78	1.2	0.62	0.03	0	0	0	0	0	0	0	0	0	0	0	0	0	0	0	0
0	0	0	0	0	0	0	0	0	0	0	0	0	0	0	0	0	0	0	0	0	0	0.04	0.09	0.13	0.16	0.19	0.22	0.23	0.24	0.25	0.25	0.25	0.24	0.25	0.25	0.27	0.3	0.34	0.38	0.43	0.48	0.52	0.56	0.59	0.62	0.65	0.67	0.7	0.72	0.74	0.77	0.81	0.85	0.91	0.97	1.04	1.11	1.16	1.19	1.2	1.19	1.17	1.16	1.18	1.28	1.49	1.83	2.34	2.99	3.78	4.62	5.43	6.12	6.59	6.77	6.62	6.14	5.4	4.46	3.45	2.45	1.56	0.85	0.32	0.04	0	0	0	0	0	0	0	0	0	0	0	0	0	0	0
0	0	0	0	0	0	0	0	0	0	0	0	0	0	0	0	0	0	0	0	0	0	0.04	0.09	0.13	0.16	0.19	0.21	0.23	0.24	0.25	0.25	0.25	0.25	0.25	0.26	0.28	0.31	0.36	0.41	0.46	0.51	0.56	0.61	0.65	0.69	0.73	0.77	0.81	0.85	0.9	0.95	1	1.05	1.11	1.16	1.21	1.24	1.24	1.22	1.17	1.11	1.05	1.02	1.06	1.18	1.44	1.83	2.37	3.01	3.73	4.43	5.04	5.48	5.7	5.65	5.34	4.83	4.18	3.48	2.82	2.25	1.81	1.5	1.29	1.15	1.03	0.92	0.78	0.62	0.46	0.29	0.09	0.02	0	0	0	0	0	0	0
0	0	0	0	0	0	0	0	0	0	0	0	0	0	0	0	0	0	0	0	0	0	0.04	0.09	0.13	0.16	0.19	0.22	0.24	0.25	0.26	0.26	0.26	0.26	0.27	0.28	0.31	0.34	0.39	0.45	0.5	0.56	0.61	0.66	0.7	0.75	0.79	0.84	0.89	0.94	1	1.07	1.14	1.23	1.32	1.42	1.51	1.59	1.65	1.68	1.67	1.64	1.6	1.57	1.59	1.68	1.88	2.2	2.66	3.22	3.85	4.46	5	5.37	5.52	5.4	5.04	4.45	3.73	2.95	2.19	1.54	1.01	0.65	0.44	0.35	0.34	0.38	0.41	0.43	0.41	0.36	0.29	0.22	0.13	0.07	0	0	0	0	0
0	0	0	0	0	0	0	0	0	0	0	0	0	0	0	0	0	0	0	0	0	0	0.04	0.1	0.14	0.17	0.2	0.23	0.25	0.26	0.27	0.27	0.27	0.27	0.28	0.29	0.31	0.35	0.39	0.45	0.5	0.56	0.61	0.67	0.72	0.77	0.81	0.87	0.92	0.98	1.04	1.12	1.2	1.3	1.4	1.52	1.63	1.74	1.83	1.89	1.92	1.91	1.88	1.84	1.83	1.87	2	2.24	2.61	3.1	3.69	4.29	4.86	5.29	5.53	5.51	5.24	4.72	4.03	3.22	2.41	1.65	1.01	0.53	0.16	0.04	0	0	0	0	0	0	0	0	0	0	0	0	0	0	0
0	0	0	0	0	0	0	0	0	0	0	0	0	0	0	0	0	0	0	0	0	0	0	0.01	0.06	0.07	0.08	0.09	0.09	0.1	0.1	0.09	0.09	0.09	0.09	0.09	0.09	0.11	0.12	0.14	0.16	0.18	0.2	0.21	0.22	0.22	0.23	0.22	0.22	0.22	0.22	0.22	0.22	0.23	0.25	0.27	0.29	0.3	0.3	0.28	0.23	0.16	0.08	0.01	0	0	0.07	0.31	0.71	1.26	1.97	2.79	3.66	4.53	5.31	5.95	6.39	6.63	6.66	6.51	6.22	5.83	5.37	4.87	4.33	3.78	3.19	2.6	2	1.42	0.8	0.21	0	0	0	0	0	0	0	0	0
0	0	0	0	0	0	0	0	0	0	0	0	0	0	0	0	0	0	0	0	0	0	0	0	0	0.06	0.07	0.08	0.08	0.08	0.08	0.07	0.07	0.06	0.06	0.06	0.07	0.08	0.09	0.11	0.13	0.15	0.17	0.18	0.19	0.19	0.19	0.19	0.17	0.16	0.15	0.13	0.13	0.13	0.14	0.16	0.18	0.21	0.22	0.22	0.2	0.14	0.06	0	0	0	0	0	0.06	0.4	1.05	1.99	3.2	4.62	6.08	7.47	8.57	9.28	9.48	9.18	8.42	7.31	5.98	4.61	3.29	2.15	1.28	0.63	0.03	0	0	0	0	0	0	0	0	0	0	0	0
0	0	0	0	0	0	0	0	0	0	0	0	0	0	0	0	0	0	0	0	0	0.04	0.08	0.14	0.19	0.24	0.28	0.31	0.34	0.36	0.37	0.38	0.39	0.4	0.42	0.46	0.51	0.59	0.69	0.8	0.92	1.03	1.14	1.24	1.32	1.4	1.47	1.53	1.57	1.6	1.61	1.61	1.59	1.57	1.54	1.51	1.46	1.42	1.37	1.31	1.24	1.16	1.09	1.01	0.94	0.89	0.87	0.89	0.97	1.1	1.31	1.56	1.87	2.21	2.56	2.9	3.2	3.46	3.65	3.78	3.83	3.79	3.66	3.45	3.16	2.8	2.38	1.93	1.47	1.07	0.51	0.14	0.01	0	0	0	0	0	0	0	0
0	0	0	0	0	0	0	0	0	0	0	0	0	0	0	0	0	0	0	0	0	0	0.05	0.13	0.18	0.22	0.26	0.29	0.31	0.33	0.34	0.34	0.35	0.35	0.37	0.4	0.44	0.51	0.59	0.69	0.79	0.89	0.99	1.09	1.18	1.27	1.35	1.43	1.5	1.55	1.59	1.61	1.63	1.62	1.61	1.6	1.58	1.56	1.54	1.53	1.52	1.52	1.52	1.53	1.54	1.57	1.61	1.67	1.75	1.85	1.97	2.11	2.26	2.42	2.58	2.74	2.89	3.02	3.13	3.21	3.24	3.22	3.12	2.95	2.7	2.38	2	1.6	1.18	0.84	0.3	0	0	0	0	0	0	0	0	0	0
0	0	0	0	0	0	0	0	0	0	0	0	0	0	0	0	0	0	0	0	0	0.05	0.09	0.15	0.2	0.24	0.28	0.31	0.34	0.35	0.36	0.35	0.35	0.35	0.35	0.36	0.38	0.42	0.48	0.54	0.61	0.67	0.73	0.78	0.82	0.86	0.89	0.92	0.94	0.96	0.97	0.98	0.98	0.98	0.97	0.97	0.96	0.96	0.97	0.98	1.02	1.08	1.18	1.32	1.5	1.73	2	2.31	2.63	2.95	3.26	3.52	3.72	3.85	3.92	3.92	3.86	3.76	3.64	3.49	3.33	3.15	2.94	2.7	2.41	2.09	1.73	1.35	0.97	0.63	0.2	0	0	0	0	0	0	0	0	0	0
0	0	0	0	0	0	0	0	0	0	0	0	0	0	0	0	0	0	0	0	0	0	0.05	0.12	0.18	0.22	0.26	0.3	0.33	0.35	0.36	0.37	0.37	0.37	0.38	0.4	0.43	0.47	0.53	0.59	0.66	0.73	0.8	0.87	0.95	1.03	1.12	1.21	1.29	1.38	1.46	1.53	1.59	1.66	1.73	1.81	1.92	2.07	2.26	2.5	2.78	3.11	3.44	3.78	4.07	4.29	4.41	4.41	4.28	4.01	3.63	3.16	2.64	2.1	1.59	1.14	0.78	0.53	0.4	0.38	0.46	0.61	0.79	0.97	1.12	1.21	1.22	1.15	1.01	0.8	0.6	0.36	0.1	0.02	0	0	0	0	0	0	0
0	0	0	0	0	0	0	0	0	0	0	0	0	0	0	0	0	0	0	0	0	0	0.05	0.13	0.19	0.24	0.28	0.32	0.35	0.38	0.39	0.4	0.41	0.41	0.42	0.44	0.47	0.51	0.57	0.63	0.7	0.77	0.84	0.92	1	1.09	1.18	1.28	1.38	1.48	1.58	1.66	1.75	1.85	1.96	2.1	2.28	2.52	2.81	3.17	3.56	3.99	4.41	4.79	5.09	5.26	5.28	5.13	4.8	4.33	3.73	3.07	2.38	1.72	1.13	0.64	0.26	0.04	0	0	0	0	0.01	0.12	0.19	0.23	0.25	0.23	0.19	0.13	0.08	0	0	0	0	0	0	0	0	0	0
0	0	0	0	0	0	0	0	0	0	0	0	0	0	0	0	0	0	0	0	0	0	0.05	0.14	0.2	0.25	0.29	0.34	0.37	0.39	0.41	0.42	0.43	0.43	0.44	0.46	0.5	0.54	0.6	0.67	0.75	0.82	0.9	0.98	1.07	1.17	1.27	1.39	1.5	1.61	1.72	1.83	1.95	2.07	2.21	2.38	2.58	2.84	3.14	3.48	3.85	4.24	4.59	4.9	5.1	5.19	5.12	4.9	4.52	4.02	3.42	2.78	2.14	1.53	0.89	0.21	0	0	0	0	0	0	0	0	0	0	0	0	0	0	0	0	0	0	0	0	0	0	0	0	0
0	0	0	0	0	0	0	0	0	0	0	0	0	0	0	0	0	0	0	0	0	0.04	0.08	0.17	0.23	0.3	0.35	0.4	0.44	0.47	0.49	0.5	0.51	0.52	0.53	0.55	0.59	0.65	0.72	0.8	0.89	0.98	1.07	1.18	1.29	1.42	1.56	1.72	1.88	2.05	2.23	2.41	2.61	2.82	3.05	3.29	3.55	3.82	4.08	4.33	4.53	4.68	4.74	4.69	4.54	4.28	3.91	3.46	2.95	2.42	1.89	1.41	0.97	0.66	0.33	0	0	0	0	0	0	0	0	0	0	0	0	0	0	0	0	0	0	0	0	0	0	0	0	0	0
0	0	0	0	0	0	0	0	0	0	0	0	0	0	0	0	0	0	0	0	0	0	0.06	0.15	0.21	0.27	0.31	0.36	0.39	0.42	0.44	0.45	0.45	0.46	0.47	0.49	0.53	0.58	0.64	0.71	0.79	0.87	0.95	1.03	1.12	1.23	1.34	1.45	1.57	1.69	1.8	1.92	2.03	2.14	2.27	2.43	2.61	2.84	3.12	3.44	3.78	4.15	4.49	4.78	4.99	5.08	5.03	4.82	4.46	3.97	3.37	2.73	2.05	1.5	0.76	0	0	0	0	0	0	0	0	0	0	0	0	0	0	0	0	0	0	0	0	0	0	0	0	0	0
0	0	0	0	0	0	0	0	0	0	0	0	0	0	0	0	0	0	0	0	0	0.05	0.12	0.22	0.3	0.38	0.45	0.51	0.55	0.59	0.61	0.62	0.62	0.63	0.64	0.66	0.71	0.77	0.85	0.95	1.05	1.15	1.26	1.36	1.48	1.6	1.73	1.87	2.01	2.15	2.28	2.41	2.54	2.67	2.81	2.97	3.14	3.33	3.53	3.74	3.94	4.12	4.24	4.3	4.28	4.15	3.91	3.58	3.16	2.69	2.18	1.68	1.19	0.83	0.43	0	0	0	0	0	0	0	0	0	0	0	0	0	0	0	0	0	0	0	0	0	0	0	0	0	0
0	0	0	0	0	0	0	0	0	0	0	0	0	0	0	0	0	0	0	0	0	0.04	0.08	0.17	0.22	0.28	0.34	0.38	0.42	0.44	0.46	0.47	0.48	0.49	0.51	0.54	0.58	0.64	0.72	0.81	0.91	1	1.1	1.19	1.29	1.39	1.5	1.6	1.71	1.82	1.92	2.02	2.14	2.26	2.41	2.59	2.81	3.07	3.35	3.67	3.99	4.29	4.54	4.72	4.8	4.75	4.57	4.26	3.83	3.33	2.77	2.21	1.66	1.16	0.76	0.46	0.05	0	0	0	0	0	0	0	0	0	0	0	0	0	0	0	0	0	0	0	0	0	0	0	0
0	0	0	0	0	0	0	0	0	0	0	0	0	0	0	0	0	0	0	0	0	0	0.05	0.12	0.17	0.22	0.26	0.29	0.32	0.34	0.36	0.37	0.37	0.38	0.39	0.41	0.44	0.48	0.54	0.6	0.66	0.73	0.8	0.87	0.94	1.03	1.12	1.21	1.31	1.41	1.51	1.61	1.72	1.84	1.99	2.17	2.39	2.65	2.97	3.33	3.72	4.13	4.51	4.84	5.09	5.21	5.2	5.03	4.71	4.26	3.7	3.09	2.45	1.83	1.27	0.78	0.41	0.11	0	0	0	0	0	0.07	0.14	0.19	0.21	0.21	0.18	0.15	0.09	0.05	0	0	0	0	0	0	0	0	0
0	0	0	0	0	0	0	0	0	0	0	0	0	0	0	0	0	0	0	0	0	0	0.05	0.12	0.17	0.22	0.26	0.3	0.32	0.35	0.36	0.37	0.38	0.38	0.39	0.41	0.43	0.47	0.51	0.57	0.62	0.68	0.74	0.81	0.88	0.96	1.04	1.13	1.23	1.32	1.42	1.52	1.63	1.76	1.91	2.11	2.35	2.65	3.01	3.42	3.85	4.31	4.73	5.1	5.37	5.5	5.49	5.3	4.95	4.47	3.88	3.22	2.55	1.91	1.32	0.74	0.07	0	0	0	0	0	0	0	0	0	0	0	0	0	0	0	0	0	0	0	0	0	0	0	0
0	0	0	0	0	0	0	0	0	0	0	0	0	0	0	0	0	0	0	0	0	0	0.05	0.11	0.17	0.21	0.25	0.29	0.32	0.34	0.35	0.36	0.37	0.38	0.39	0.41	0.45	0.49	0.54	0.6	0.67	0.73	0.8	0.87	0.95	1.04	1.13	1.23	1.34	1.45	1.56	1.68	1.8	1.94	2.1	2.3	2.53	2.8	3.11	3.46	3.83	4.2	4.54	4.82	5.02	5.1	5.06	4.88	4.56	4.14	3.63	3.07	2.49	1.93	1.41	0.93	0.63	0.17	0	0	0	0	0	0	0	0	0	0	0	0	0	0	0	0	0	0	0	0	0	0	0
0	0	0	0	0	0	0	0	0	0	0	0	0	0	0	0	0	0	0	0	0	0	0.06	0.15	0.22	0.27	0.32	0.37	0.41	0.44	0.46	0.47	0.48	0.5	0.52	0.55	0.6	0.67	0.75	0.84	0.94	1.03	1.13	1.23	1.33	1.44	1.55	1.67	1.79	1.91	2.02	2.13	2.25	2.37	2.51	2.66	2.84	3.04	3.27	3.5	3.74	3.97	4.16	4.29	4.35	4.33	4.21	4	3.69	3.32	2.89	2.43	1.96	1.51	1.1	0.73	0.49	0.13	0	0	0	0	0	0	0	0	0	0	0	0	0	0	0	0	0	0	0	0	0	0	0
0	0	0	0	0	0	0	0	0	0	0	0	0	0	0	0	0	0	0	0	0	0.04	0.08	0.17	0.23	0.29	0.35	0.4	0.44	0.47	0.49	0.5	0.52	0.53	0.55	0.58	0.64	0.71	0.79	0.89	1	1.11	1.22	1.33	1.45	1.57	1.7	1.84	1.98	2.11	2.24	2.37	2.49	2.62	2.75	2.89	3.05	3.22	3.4	3.59	3.76	3.92	4.04	4.11	4.1	4.03	3.86	3.62	3.31	2.94	2.53	2.1	1.68	1.29	0.94	0.62	0.43	0.11	0	0	0	0	0	0	0	0	0	0	0	0	0	0	0	0	0	0	0	0	0	0	0
0	0	0	0	0	0	0	0	0	0	0	0	0	0	0	0	0	0	0	0	0	0	0.02	0.06	0.08	0.1	0.11	0.12	0.13	0.14	0.14	0.13	0.13	0.13	0.13	0.13	0.14	0.16	0.18	0.21	0.25	0.28	0.31	0.35	0.38	0.4	0.43	0.45	0.47	0.48	0.5	0.51	0.52	0.54	0.56	0.59	0.63	0.67	0.71	0.74	0.76	0.76	0.73	0.69	0.63	0.57	0.55	0.6	0.76	1.06	1.53	2.18	2.99	3.92	4.9	5.87	6.69	7.3	7.61	7.58	7.2	6.5	5.56	4.48	3.3	2.36	0.92	0	0	0	0	0	0	0	0	0	0	0	0	0	0
0	0	0	0	0	0	0	0	0	0	0	0	0	0	0	0	0	0	0	0	0	0	0.04	0.11	0.15	0.19	0.22	0.25	0.27	0.29	0.29	0.3	0.3	0.3	0.31	0.32	0.35	0.38	0.43	0.49	0.55	0.61	0.67	0.73	0.79	0.86	0.92	0.99	1.05	1.12	1.19	1.26	1.34	1.42	1.52	1.62	1.74	1.87	1.99	2.12	2.23	2.33	2.4	2.45	2.49	2.51	2.54	2.59	2.68	2.81	2.99	3.21	3.45	3.68	3.87	3.98	3.99	3.88	3.66	3.31	2.88	2.39	1.86	1.36	0.92	0.19	0	0	0	0	0	0	0	0	0	0	0	0	0	0	0
0	0	0	0	0	0	0	0	0	0	0	0	0	0	0	0	0	0	0	0	0	0	0.04	0.11	0.15	0.19	0.22	0.25	0.27	0.29	0.29	0.3	0.3	0.3	0.3	0.32	0.35	0.39	0.44	0.5	0.57	0.63	0.7	0.76	0.82	0.89	0.95	1.01	1.07	1.12	1.17	1.21	1.25	1.29	1.33	1.38	1.43	1.49	1.56	1.64	1.72	1.81	1.9	1.99	2.09	2.2	2.33	2.48	2.66	2.87	3.1	3.35	3.59	3.8	3.97	4.07	4.09	4.01	3.84	3.58	3.24	2.84	2.38	1.91	1.42	1.04	0.42	0	0	0	0	0	0	0	0	0	0	0	0	0	0
0	0	0	0	0	0	0	0	0	0	0	0	0	0	0	0	0	0	0	0	0	0	0	0.01	0.07	0.08	0.09	0.1	0.11	0.11	0.11	0.11	0.11	0.1	0.1	0.1	0.11	0.13	0.15	0.17	0.2	0.23	0.26	0.29	0.31	0.33	0.35	0.36	0.36	0.36	0.36	0.35	0.35	0.35	0.35	0.37	0.38	0.4	0.42	0.42	0.4	0.36	0.29	0.21	0.13	0.07	0.08	0.19	0.45	0.88	1.51	2.33	3.29	4.35	5.4	6.37	7.13	7.64	7.82	7.68	7.23	6.54	5.66	4.7	3.71	2.8	1.96	1.29	0.84	0.15	0	0	0	0	0	0	0	0	0	0	0
0	0	0	0	0	0	0	0	0	0	0	0	0	0	0	0	0	0	0	0	0	0	0.04	0.11	0.16	0.2	0.23	0.26	0.29	0.3	0.31	0.32	0.32	0.33	0.34	0.36	0.39	0.44	0.5	0.57	0.65	0.73	0.81	0.89	0.98	1.08	1.18	1.29	1.41	1.52	1.63	1.74	1.84	1.95	2.07	2.18	2.31	2.43	2.55	2.67	2.77	2.84	2.89	2.89	2.86	2.8	2.72	2.64	2.57	2.54	2.55	2.61	2.71	2.83	2.94	3.01	3.02	2.95	2.79	2.53	2.2	1.81	1.4	1	0.63	0.13	0	0	0	0	0	0	0	0	0	0	0	0	0	0	0
0	0	0	0	0	0	0	0	0	0	0	0	0	0	0	0	0	0	0	0	0	0.04	0.08	0.16	0.22	0.27	0.33	0.37	0.41	0.43	0.45	0.46	0.48	0.49	0.51	0.55	0.61	0.68	0.78	0.89	1.01	1.12	1.24	1.36	1.49	1.62	1.75	1.89	2.03	2.17	2.3	2.43	2.55	2.67	2.8	2.92	3.03	3.14	3.23	3.3	3.34	3.33	3.28	3.18	3.03	2.83	2.61	2.37	2.14	1.92	1.74	1.61	1.51	1.46	1.42	1.4	1.38	1.34	1.28	1.2	1.09	0.96	0.82	0.68	0.54	0.42	0.32	0.23	0.16	0.09	0.05	0	0	0	0	0	0	0	0	0	0
0	0	0	0	0	0	0	0	0	0	0	0	0	0	0	0	0	0	0	0	0	0	0.03	0.08	0.1	0.12	0.14	0.16	0.17	0.17	0.17	0.17	0.17	0.16	0.16	0.16	0.18	0.2	0.22	0.26	0.3	0.33	0.37	0.4	0.43	0.46	0.48	0.5	0.52	0.53	0.54	0.54	0.54	0.55	0.56	0.57	0.59	0.61	0.63	0.64	0.64	0.61	0.57	0.51	0.44	0.38	0.36	0.43	0.62	0.96	1.49	2.21	3.1	4.13	5.19	6.21	7.06	7.66	7.91	7.78	7.27	6.45	5.38	4.2	3	1.9	0.63	0	0	0	0	0	0	0	0	0	0	0	0	0	0
0	0	0	0	0	0	0	0	0	0	0	0	0	0	0	0	0	0	0	0	0	0	0	0.01	0.07	0.09	0.1	0.11	0.12	0.12	0.12	0.12	0.11	0.11	0.11	0.11	0.12	0.13	0.15	0.18	0.2	0.23	0.26	0.28	0.31	0.33	0.35	0.37	0.39	0.4	0.41	0.41	0.41	0.41	0.41	0.41	0.41	0.42	0.43	0.45	0.46	0.47	0.46	0.44	0.4	0.34	0.28	0.25	0.27	0.39	0.64	1.07	1.69	2.51	3.49	4.6	5.71	6.75	7.58	8.12	8.3	8.07	7.46	6.55	5.41	4.16	2.99	1.75	0.21	0.01	0	0	0	0	0	0	0	0	0	0	0
0	0	0	0	0	0	0	0	0	0	0	0	0	0	0	0	0	0	0	0	0	0	0.04	0.11	0.15	0.19	0.22	0.25	0.27	0.29	0.3	0.3	0.3	0.31	0.32	0.33	0.36	0.4	0.46	0.52	0.58	0.65	0.72	0.78	0.85	0.92	0.99	1.07	1.14	1.23	1.31	1.4	1.5	1.61	1.73	1.86	1.99	2.12	2.25	2.35	2.43	2.47	2.48	2.45	2.41	2.36	2.33	2.34	2.41	2.54	2.73	2.96	3.22	3.45	3.63	3.74	3.74	3.63	3.42	3.11	2.74	2.31	1.86	1.43	0.99	0.53	0.13	0	0	0	0	0	0	0	0	0	0	0	0	0	0
0	0	0	0	0	0	0	0	0	0	0	0	0	0	0	0	0	0	0	0	0	0.04	0.08	0.17	0.23	0.29	0.35	0.39	0.43	0.46	0.48	0.49	0.5	0.52	0.55	0.59	0.65	0.73	0.84	0.96	1.09	1.23	1.37	1.51	1.66	1.83	2	2.17	2.35	2.51	2.67	2.81	2.93	3.04	3.13	3.2	3.25	3.29	3.31	3.31	3.29	3.25	3.18	3.09	2.98	2.84	2.69	2.52	2.34	2.16	1.98	1.81	1.63	1.47	1.31	1.15	1	0.85	0.72	0.6	0.5	0.4	0.31	0.23	0.16	0.09	0.05	0	0	0	0	0	0	0	0	0	0	0	0	0	0
0	0	0	0	0	0	0	0	0	0	0	0	0	0	0	0	0	0	0	0	0	0	0.05	0.13	0.19	0.24	0.28	0.32	0.35	0.37	0.38	0.39	0.4	0.4	0.42	0.44	0.49	0.54	0.62	0.7	0.79	0.88	0.97	1.07	1.17	1.28	1.39	1.52	1.66	1.79	1.93	2.07	2.21	2.35	2.49	2.62	2.75	2.88	3	3.1	3.18	3.25	3.29	3.31	3.31	3.28	3.23	3.17	3.09	2.99	2.87	2.73	2.55	2.34	2.11	1.84	1.56	1.28	1.02	0.79	0.6	0.47	0.38	0.33	0.32	0.32	0.33	0.33	0.31	0.28	0.23	0.17	0.11	0.03	0	0	0	0	0	0	0
0	0	0	0	0	0	0	0	0	0	0	0	0	0	0	0	0	0	0	0	0	0.04	0.09	0.18	0.24	0.3	0.36	0.41	0.44	0.47	0.49	0.51	0.52	0.53	0.56	0.59	0.65	0.73	0.83	0.95	1.07	1.2	1.33	1.47	1.61	1.76	1.93	2.1	2.27	2.43	2.6	2.76	2.91	3.05	3.2	3.33	3.47	3.58	3.69	3.76	3.81	3.81	3.76	3.66	3.51	3.32	3.08	2.82	2.54	2.26	1.97	1.71	1.45	1.21	0.98	0.76	0.55	0.33	0.11	0	0	0	0	0	0	0	0	0	0	0	0	0	0	0	0	0	0	0	0	0	0
0	0	0	0	0	0	0	0	0	0	0	0	0	0	0	0	0	0	0	0	0	0.04	0.09	0.18	0.24	0.3	0.36	0.41	0.45	0.48	0.5	0.52	0.53	0.55	0.58	0.63	0.7	0.79	0.9	1.03	1.17	1.3	1.43	1.56	1.69	1.82	1.94	2.06	2.17	2.27	2.36	2.45	2.54	2.63	2.73	2.85	3	3.16	3.33	3.51	3.67	3.81	3.9	3.94	3.89	3.77	3.58	3.32	2.99	2.64	2.27	1.9	1.54	1.21	0.92	0.65	0.47	0.21	0.07	0	0	0	0	0	0	0	0	0	0	0	0	0	0	0	0	0	0	0	0	0	0
0	0	0	0	0	0	0	0	0	0	0	0	0	0	0	0	0	0	0	0	0	0	0	0	0	0	0	0.027362	0.066427	0.075733	0.086632	0.092631	0.096451	0.097592	0.098193	0.099753	0.103772	0.111427	0.12257	0.136613	0.151249	0.164724	0.175367	0.182615	0.186967	0.189262	0.190825	0.19297	0.197026	0.2041	0.215241	0.231495	0.253247	0.281756	0.316185	0.35744	0.402943	0.450095	0.493756	0.52785	0.546628	0.545157	0.5221	0.48184	0.433737	0.396163	0.391748	0.447478	0.587688	0.83955	1.202816	1.685486	2.25543	2.882444	3.516491	4.101866	4.6029	4.97245	5.210856	5.314794	5.30926	5.221791	5.079757	4.899783	4.69477	4.454927	4.180417	3.851219	3.468781	3.031061	2.548758	2.055892	1.55728	1.086461	0.776401	0.265545	0	0	0	0	0
0	0	0	0	0	0	0	0	0	0	0	0	0	0	0	0	0	0	0	0	0	0	0	0	0	0	0	0	0	0	0	0	0	0	0	0	0	0	0	0	0.018055	0.053691	0.050628	0.054392	0.053376	0.054914	0.054596	0.054569	0.054828	0.055622	0.057333	0.06022	0.06441	0.070138	0.077176	0.085604	0.094725	0.103773	0.111526	0.116788	0.118789	0.117624	0.114801	0.113623	0.119293	0.138807	0.179638	0.249755	0.35302	0.495465	0.669254	0.873693	1.093109	1.318149	1.537751	1.745635	1.950168	2.160897	2.411862	2.724595	3.135279	3.656519	4.282854	4.99089	5.709787	6.384131	6.900022	7.197477	7.206563	6.904784	6.305941	5.474934	4.47576	3.443552	2.416977	1.336117	0.342839	0.003281	0	0	0
0	0	0	0	0	0	0	0	0	0	0	0	0	0	0	0	0	0	0	0	0	0	0	0	0	0	0.075507	0.137575	0.233634	0.284025	0.331048	0.361524	0.378147	0.385663	0.388601	0.393697	0.40707	0.433852	0.474896	0.52975	0.591863	0.656917	0.720588	0.781849	0.843582	0.906792	0.97665	1.052759	1.137923	1.229642	1.326023	1.423898	1.517085	1.60431	1.68012	1.747024	1.804265	1.853753	1.895303	1.928494	1.953068	1.967335	1.971359	1.965956	1.954309	1.942413	1.938031	1.950058	1.986013	2.052051	2.144619	2.259719	2.381057	2.491728	2.571812	2.605484	2.583876	2.510444	2.397033	2.2699	2.152947	2.073936	2.0483	2.08033	2.158531	2.259902	2.343394	2.367714	2.292998	2.092877	1.722967	1.297013	0.697207	0.02179	0	0	0	0	0	0	0
0	0	0	0	0	0	0	0	0	0	0	0	0	0	0	0	0	0	0	0	0	0	0	0	0	0	0.075473	0.13751	0.233475	0.283632	0.330132	0.359721	0.374993	0.380669	0.381249	0.383461	0.393504	0.416454	0.453358	0.503686	0.561119	0.62138	0.680341	0.737169	0.79484	0.854612	0.921705	0.996041	1.080647	1.173434	1.272993	1.376867	1.479546	1.581031	1.676243	1.769187	1.858953	1.947896	2.034866	2.117286	2.19284	2.254361	2.298793	2.320434	2.318512	2.294801	2.255287	2.208253	2.165058	2.134103	2.122495	2.130885	2.154658	2.183324	2.203329	2.202224	2.171193	2.111328	2.030485	1.948513	1.884801	1.861609	1.89112	1.976014	2.102707	2.249697	2.373916	2.437622	2.399105	2.229795	1.911948	1.479271	0.930226	0.312148	0.015673	0	0	0	0	0	0
0	0	0	0	0	0	0	0	0	0	0	0	0	0	0	0	0	0	0	0	0	0	0	0	0	0	0.043923	0.077979	0.12925	0.15583	0.179992	0.194733	0.201485	0.202925	0.201639	0.201465	0.205998	0.218182	0.238757	0.267531	0.300979	0.336604	0.371811	0.405695	0.439449	0.473301	0.509837	0.548882	0.59215	0.638806	0.688439	0.740042	0.790881	0.840601	0.886026	0.928053	0.965041	0.996874	1.022402	1.041093	1.053866	1.062966	1.074035	1.094819	1.13721	1.214177	1.338285	1.521156	1.762489	2.064989	2.400387	2.753643	3.080328	3.346644	3.516162	3.565581	3.486525	3.296008	3.020846	2.716103	2.426471	2.205841	2.08642	2.0836	2.190776	2.385996	2.618671	2.846288	3.012991	3.0791	3.017203	2.823936	2.506716	2.108074	1.657216	1.222309	0.797741	0.355627	0.032146	0	0
0	0	0	0	0	0	0	0	0	0	0	0	0	0	0	0	0	0	0	0	0	0	0	0	0	0	0.046465	0.094924	0.179073	0.227018	0.270734	0.297365	0.308558	0.308469	0.301772	0.29532	0.2957	0.308141	0.334825	0.376091	0.427225	0.485	0.546639	0.612841	0.689039	0.778342	0.88985	1.024472	1.188885	1.380434	1.597011	1.833708	2.076621	2.322099	2.551249	2.764386	2.949644	3.105995	3.228641	3.315349	3.367007	3.383647	3.368541	3.326607	3.263378	3.18741	3.106779	3.028718	2.960729	2.903034	2.855277	2.808068	2.750113	2.66407	2.5337	2.349628	2.104623	1.816892	1.499209	1.192237	0.919346	0.711459	0.580792	0.529769	0.551496	0.630798	0.734498	0.828692	0.86284	0.790488	0.644221	0.291427	0.040671	0.001952	0	0	0	0	0	0	0
0	0	0	0	0	0	0	0	0	0	0	0	0	0	0	0	0	0	0	0	0	0	0	0	0	0	0	0	0.007303	0.037379	0.039577	0.039522	0.044026	0.040963	0.040877	0.041324	0.039759	0.046448	0.065412	0.074893	0.083468	0.09367	0.101509	0.106972	0.109685	0.109662	0.107414	0.103839	0.099995	0.097389	0.09762	0.102471	0.113309	0.131486	0.156369	0.187665	0.221604	0.253777	0.277639	0.286467	0.274333	0.239605	0.18445	0.121339	0.068214	0.05454	0.112936	0.279914	0.581347	1.047642	1.659448	2.414427	3.247088	4.100221	4.892189	5.542627	6.000289	6.218468	6.204805	5.988803	5.621491	5.17355	4.706601	4.263447	3.881029	3.553095	3.279723	3.027629	2.778691	2.509426	2.210688	1.887724	1.54423	1.209217	0.885866	0.582788	0.263279	0.027847	0.001501	0	0
0	0	0	0	0	0	0	0	0	0	0	0	0	0	0	0	0	0	0	0	0	0	0	0	0	0	0	0.016811	0.053098	0.075378	0.084633	0.090308	0.093265	0.093163	0.091847	0.090737	0.091368	0.094917	0.10164	0.111215	0.121993	0.132618	0.141807	0.149103	0.15488	0.159582	0.16412	0.169092	0.175281	0.183167	0.193362	0.206606	0.223399	0.245317	0.272796	0.308232	0.351865	0.404488	0.464963	0.5308	0.600293	0.66817	0.734271	0.795119	0.853967	0.914541	0.984636	1.074535	1.192304	1.350508	1.546454	1.784481	2.049481	2.329508	2.605506	2.858967	3.083656	3.271772	3.43994	3.598977	3.772973	3.974961	4.207279	4.459472	4.698686	4.891433	4.985594	4.946663	4.748384	4.384698	3.871396	3.25641	2.571414	1.891723	1.287415	0.462909	0.009648	0	0	0	0
0	0	0	0	0	0	0	0	0	0	0	0	0	0	0	0	0	0	0	0	0	0	0	0	0	0	0	0	0	0	0	0	0	0	0	0	0	0.000866	0.01587	0.032434	0.038482	0.044326	0.063425	0.067722	0.069448	0.072513	0.073987	0.07538	0.076965	0.079168	0.082574	0.087724	0.094925	0.104656	0.116533	0.1306	0.145513	0.159783	0.171045	0.176814	0.174881	0.164366	0.145786	0.12316	0.102431	0.093586	0.107744	0.157365	0.251657	0.401239	0.600993	0.851945	1.135701	1.439014	1.74396	2.035774	2.316594	2.587064	2.878774	3.209356	3.615115	4.108743	4.685323	5.320664	5.945941	6.503585	6.888572	7.043867	6.91394	6.487915	5.789435	4.901268	3.876787	2.835859	1.956603	0.624241	0	0	0	0	0
0	0	0	0	0	0	0	0	0	0	0	0	0	0	0	0	0	0	0	0	0	0	0	0	0	0	0	0	0	0	0	0	0	0	0	0	0	0	0	0	0	0	0	0	0	0	0	0	0	0	0	0	0	0	0	0	0	0	0	0	0	0	0	0	0	0	0	0	0	0.027248	0.128354	0.572599	1.201411	2.056513	3.074794	4.09741	4.993852	5.584609	5.797072	5.610988	5.09831	4.40597	3.696038	3.101084	2.726692	2.606332	2.743074	3.100564	3.598315	4.128909	4.559643	4.778585	4.721037	4.387486	3.827645	3.150252	2.434285	1.763422	1.172935	0.621982	0.232588
0	0	0	0	0	0	0	0	0	0	0	0	0	0	0	0	0	0	0	0	0	0	0	0	0	0	0	0.026349	0.062768	0.069972	0.078383	0.081666	0.082741	0.080685	0.077761	0.075368	0.075116	0.078194	0.08483	0.094573	0.105523	0.115969	0.124175	0.129224	0.131058	0.130115	0.127264	0.123903	0.121478	0.121784	0.126618	0.137895	0.156803	0.184781	0.22049	0.263437	0.30862	0.350645	0.381703	0.394208	0.382183	0.34529	0.288545	0.229019	0.191045	0.21143	0.329799	0.589274	1.016217	1.643076	2.435786	3.383528	4.394895	5.389604	6.257459	6.893233	7.223138	7.193709	6.804365	6.111391	5.182619	4.138411	3.090928	2.133067	1.363875	0.810932	0.510215	0.431521	0.539536	0.775391	1.075296	1.375134	1.629403	1.792872	1.851672	1.802453	1.653718	1.423074	1.146902	0.778539	0.457359
0	0	0	0	0	0	0	0	0	0	0	0	0	0	0	0	0	0	0	0	0	0	0	0	0	0	0.072898	0.116493	0.173662	0.204309	0.230801	0.245694	0.250523	0.248253	0.241832	0.235547	0.233495	0.238593	0.25167	0.271699	0.294592	0.317008	0.336155	0.351575	0.364993	0.378309	0.394667	0.41609	0.44527	0.483492	0.532382	0.593782	0.667955	0.759127	0.865836	0.993495	1.138596	1.299682	1.468575	1.633458	1.783756	1.902026	1.982072	2.016542	2.011802	1.98387	1.95938	1.972393	2.059057	2.256369	2.574439	3.02233	3.563727	4.152716	4.716247	5.173306	5.457663	5.509092	5.3089	4.877148	4.251731	3.512447	2.740994	2.007803	1.39074	0.911246	0.598924	0.426412	0.36751	0.375835	0.407575	0.427689	0.414361	0.362186	0.279875	0.183192	0.105867	0.083171	0.061179	0.037214	0.02071
0	0	0	0	0	0	0	0	0	0	0	0	0	0	0	0	0	0	0	0	0	0	0	0	0	0.000356	0.122153	0.238203	0.292155	0.357099	0.39781	0.42067	0.42866	0.423765	0.41207	0.399945	0.393842	0.398173	0.414145	0.439738	0.468559	0.495385	0.516402	0.531846	0.545413	0.561291	0.58508	0.62044	0.671305	0.738501	0.822637	0.923869	1.039316	1.172451	1.319416	1.487742	1.675113	1.884129	2.110324	2.345242	2.582815	2.803291	3.001057	3.157261	3.269294	3.33395	3.358929	3.35719	3.34713	3.347735	3.37294	3.429218	3.509525	3.595078	3.656284	3.661105	3.578965	3.394742	3.100483	2.721235	2.277693	1.815541	1.373904	0.983368	0.675404	0.450699	0.313181	0.237036	0.202369	0.185476	0.127614	0.086548	0.037816	0.001882	0	0	0	0	0	0	0
0	0	0	0	0	0	0	0	0	0	0	0	0	0	0	0	0	0	0	0	0	0	0	0	0	0	0.09572	0.154444	0.232586	0.274016	0.309877	0.329953	0.336357	0.333169	0.324386	0.31581	0.312956	0.31971	0.337128	0.363742	0.394042	0.423623	0.448982	0.469871	0.489032	0.509317	0.535279	0.569514	0.61544	0.673897	0.745952	0.832631	0.932778	1.051089	1.185858	1.345617	1.529486	1.740793	1.975598	2.225302	2.483766	2.729982	2.958755	3.149823	3.301551	3.410295	3.48378	3.534728	3.579016	3.634885	3.710617	3.809912	3.919057	4.014501	4.062706	4.031212	3.890857	3.634417	3.259629	2.802838	2.290199	1.773497	1.293053	0.878347	0.558784	0.331903	0.198803	0.134191	0.115696	0.115857	0.107136	0.066248	0	0	0	0	0	0	0	0	0
0	0	0	0	0	0	0	0	0	0	0	0	0	0	0	0	0	0	0	0	0	0	0	0	0	0	0.124676	0.212164	0.338542	0.406595	0.469151	0.509253	0.530323	0.538337	0.539008	0.540671	0.550715	0.574499	0.612128	0.660693	0.71065	0.754969	0.788424	0.811776	0.831163	0.854027	0.890342	0.947486	1.03352	1.15109	1.301606	1.484452	1.691327	1.922468	2.162961	2.41506	2.664721	2.907164	3.130526	3.323421	3.479749	3.589057	3.652644	3.669998	3.648858	3.599027	3.531452	3.455225	3.37863	3.300731	3.220528	3.126308	3.007897	2.849978	2.642323	2.383791	2.073397	1.736191	1.383157	1.051409	0.754969	0.515631	0.339051	0.223494	0.162972	0.142237	0.146435	0.155563	0.157087	0.14517	0.067272	0.02586	0	0	0	0	0	0	0	0	0
0	0	0	0	0	0	0	0	0	0	0	0	0	0	0	0	0	0	0	0	0	0	0	0	0	0	0.112204	0.198432	0.33207	0.410848	0.486595	0.540971	0.57789	0.603638	0.625011	0.65148	0.690588	0.748364	0.822358	0.907964	0.990055	1.057786	1.102394	1.124034	1.130491	1.132673	1.143248	1.173796	1.233914	1.328119	1.457954	1.621791	1.809229	2.016447	2.226062	2.436251	2.631435	2.802906	2.935935	3.017783	3.039407	2.996465	2.890366	2.736129	2.550013	2.360384	2.192659	2.070161	2.012959	2.02949	2.117359	2.266308	2.448469	2.630432	2.772293	2.839125	2.806828	2.670924	2.439391	2.145502	1.815381	1.48685	1.184498	0.922355	0.71305	0.548974	0.424787	0.331178	0.247888	0.157508	0.072147	0	0	0	0	0	0	0	0	0	0
0	0	0	0	0	0	0	0	0	0	0	0	0	0	0	0	0	0	0	0	0	0	0	0	0	0	0	0.035185	0.076686	0.092692	0.104883	0.112889	0.11779	0.119871	0.12116	0.123508	0.128629	0.137857	0.15098	0.16728	0.18405	0.199261	0.211034	0.218827	0.223351	0.22572	0.227554	0.230408	0.235758	0.244696	0.258144	0.27691	0.300975	0.331277	0.366596	0.407634	0.451655	0.495938	0.53529	0.56374	0.575597	0.566437	0.535043	0.486561	0.430592	0.386048	0.375777	0.426859	0.563664	0.813092	1.174758	1.656373	2.22569	2.852463	3.486773	4.073073	4.575858	4.947866	5.189172	5.2958	5.2922	5.205419	5.062785	4.88108	4.673513	4.430348	4.151898	3.818176	3.430991	2.988634	2.503137	2.006208	1.508013	1.029067	0.565744	0.137062	0	0	0	0	0
0	0	0	0	0	0	0	0	0	0	0	0	0	0	0	0	0	0	0	0	0	0	0	0	0	0	0	0	0	0	0	0	0	0	0	0	0.00414	0.021618	0.034719	0.036401	0.047768	0.062737	0.063161	0.065294	0.067019	0.067135	0.067191	0.067132	0.067409	0.068359	0.070222	0.073226	0.077393	0.082873	0.089409	0.097077	0.105261	0.113266	0.119971	0.124297	0.125573	0.123991	0.121076	0.120098	0.126134	0.145946	0.186714	0.256072	0.357608	0.497105	0.666876	0.866382	1.080664	1.301195	1.518035	1.725993	1.934428	2.153225	2.416455	2.744143	3.170896	3.706406	4.342407	5.052981	5.765657	6.424394	6.917473	7.187278	7.168581	6.842846	6.227207	5.388235	4.389048	3.362207	2.346572	1.261238	0.283652	0.002134	0	0	0
